20 0
0 0
1 2
0 4
2 3
4 4
3 2
2 4
4 3
3 1
1 0
0 2
1 4
3 3
4 1
2 0
0 1
1 3
3 4
2 2
0 3
22 1
0 0
1 2
2 4
4 3
3 1
1 0
2 2
0 3
1 1
3 0
4 2
3 4
1 3
0 1
2 0
4 1
3 3
1 4
0 2
2 1
4 0
3 2
21 2
0 0
2 1
4 2
3 0
1 1
0 3
2 4
4 3
3 1
1 0
0 2
1 4
3 3
4 1
2 2
3 4
1 3
0 1
2 0
1 2
0 4
14 3
0 0
1 2
3 1
1 0
0 2
1 4
3 3
4 1
2 0
0 1
1 3
3 4
2 2
4 3
12 4
0 0
1 2
2 0
0 1
1 3
3 4
4 2
3 0
1 1
0 3
2 4
4 3
13 5
0 0
1 2
0 4
2 3
1 1
0 3
2 4
4 3
3 1
1 0
0 2
1 4
3 3
15 6
0 0
1 2
0 4
2 3
0 2
1 4
3 3
4 1
2 0
0 1
1 3
3 4
2 2
1 0
3 1
1 7
0 0
12 0
0 2
1 4
3 3
4 1
2 0
0 1
1 3
3 4
4 2
3 0
2 2
1 0
12 1
0 2
1 4
3 3
4 1
2 0
0 1
1 3
3 4
4 2
3 0
1 1
0 3
6 2
0 2
1 0
3 1
4 3
2 2
1 4
14 3
0 2
1 0
2 2
1 4
3 3
4 1
2 0
0 1
1 3
3 4
4 2
3 0
1 1
0 3
13 4
0 2
1 0
2 2
1 4
3 3
4 1
2 0
0 1
1 3
3 4
4 2
3 0
1 1
14 5
0 2
1 4
3 3
4 1
2 0
0 1
1 3
3 4
2 2
1 0
3 1
4 3
2 4
0 3
15 6
0 2
1 4
3 3
4 1
2 0
0 1
1 3
3 4
4 2
3 0
1 1
0 3
2 4
4 3
2 2
16 7
0 2
1 4
3 3
4 1
2 2
1 0
3 1
4 3
2 4
0 3
1 1
3 0
4 2
3 4
1 3
0 1
13 0
0 4
2 3
4 4
3 2
2 4
4 3
3 1
1 0
0 2
1 4
3 3
4 1
2 2
17 1
0 4
2 3
4 4
3 2
4 0
2 1
3 3
4 1
2 0
0 1
1 3
3 4
4 2
3 0
1 1
0 3
2 4
1 2
0 4
14 3
0 4
2 3
4 2
3 0
1 1
0 3
2 2
3 4
1 3
0 1
2 0
4 1
3 3
1 4
17 4
0 4
1 2
2 0
0 1
1 3
3 4
4 2
3 0
1 1
0 3
2 4
4 3
3 1
1 0
2 2
4 1
3 3
14 5
0 4
2 3
1 1
0 3
2 4
4 3
3 1
1 0
0 2
1 4
3 3
4 1
2 2
3 0
15 6
0 4
2 3
0 2
1 4
3 3
4 1
2 0
0 1
1 3
3 4
4 2
3 0
1 1
0 3
2 4
15 7
0 4
2 3
4 4
3 2
1 3
3 4
4 2
3 0
1 1
0 3
2 4
4 3
3 1
1 0
0 2
12 0
1 1
0 3
2 4
4 3
3 1
1 0
0 2
1 4
3 3
4 1
2 0
0 1
6 1
1 1
3 0
4 2
3 4
2 2
0 3
10 2
1 1
3 0
2 2
0 3
2 4
4 3
3 1
1 0
0 2
1 4
10 3
1 1
3 0
2 2
0 3
2 4
4 3
3 1
1 0
0 2
1 4
14 4
1 1
0 3
2 4
4 3
3 1
1 0
0 2
1 4
2 2
3 0
4 2
3 4
1 3
0 1
10 5
1 1
0 3
2 4
4 3
3 1
1 0
0 2
1 4
3 3
4 1
13 6
1 1
0 3
2 4
4 3
2 2
3 0
4 2
3 4
1 3
0 1
2 0
4 1
3 3
14 7
1 1
0 3
2 4
4 3
3 1
1 0
0 2
1 4
3 3
4 1
2 2
3 0
4 2
3 4
15 0
1 3
3 4
4 2
3 0
2 2
0 1
2 0
4 1
3 3
1 4
0 2
1 0
3 1
4 3
2 4
19 1
1 3
3 4
4 2
3 0
1 1
0 3
2 4
4 3
3 1
1 0
2 2
0 1
2 0
4 1
3 3
1 4
0 2
2 3
4 4
12 2
1 3
3 4
4 2
3 0
1 1
0 3
2 4
4 3
3 1
1 0
0 2
1 4
6 3
1 3
0 1
2 0
4 1
2 2
3 4
10 4
1 3
0 1
2 2
3 4
4 2
3 0
1 1
0 3
2 4
4 3
15 5
1 3
0 1
2 2
3 4
4 2
3 0
1 1
0 3
2 4
4 3
3 1
1 0
0 2
1 4
3 3
15 6
1 3
3 4
4 2
3 0
1 1
0 3
2 4
4 3
2 2
0 1
2 0
4 1
3 3
1 4
0 2
10 7
1 3
3 4
4 2
3 0
1 1
0 3
2 4
4 3
3 1
1 0
6 0
2 0
4 1
3 3
1 4
2 2
0 1
10 1
2 0
4 1
2 2
0 1
1 3
3 4
4 2
3 0
1 1
0 3
20 2
2 0
4 1
2 2
0 1
1 3
3 4
4 2
3 0
1 1
0 3
2 4
4 3
3 1
1 0
0 2
1 4
3 3
2 1
4 0
3 2
14 3
2 0
0 1
1 3
3 4
4 2
3 0
1 1
0 3
2 2
4 1
3 3
1 4
0 2
1 0
10 4
2 0
0 1
1 3
3 4
4 2
3 0
1 1
0 3
2 4
4 3
22 5
2 0
0 1
1 3
3 4
2 2
4 1
3 3
1 4
0 2
1 0
3 1
4 3
2 4
0 3
1 1
3 0
4 2
2 1
0 0
1 2
0 4
2 3
17 6
2 0
0 1
1 3
3 4
4 2
3 0
1 1
0 3
2 4
4 3
2 2
4 1
3 3
1 4
0 2
1 0
3 1
14 7
2 0
0 1
1 3
3 4
4 2
3 0
1 1
0 3
2 4
4 3
3 1
1 0
0 2
1 4
6 0
2 2
1 4
3 3
4 1
2 0
0 1
6 1
2 2
3 4
4 2
3 0
1 1
0 3
6 2
2 2
4 3
3 1
1 0
0 2
1 4
6 3
2 2
4 1
2 0
0 1
1 3
3 4
6 4
2 2
3 0
1 1
0 3
2 4
4 3
6 5
2 2
1 0
0 2
1 4
3 3
4 1
7 6
2 2
0 1
1 3
3 4
4 2
3 0
1 1
7 7
2 2
0 3
2 4
4 3
3 1
1 0
0 2
11 0
2 4
4 3
3 1
1 0
0 2
1 4
3 3
4 1
2 0
0 1
1 3
15 1
2 4
4 3
3 1
1 0
2 2
0 3
1 1
3 0
4 2
3 4
1 3
0 1
2 0
4 1
3 3
17 2
2 4
4 3
3 1
1 0
0 2
1 4
3 3
4 1
2 0
0 1
2 2
0 3
1 1
3 0
4 2
3 4
1 3
12 3
2 4
4 3
3 1
1 0
0 2
1 4
3 3
4 1
2 0
0 1
1 3
3 4
15 4
2 4
0 3
1 1
3 0
2 2
4 3
3 1
1 0
0 2
1 4
3 3
4 1
2 0
0 1
1 3
12 5
2 4
0 3
2 2
4 3
3 1
1 0
0 2
1 4
3 3
4 1
2 0
0 1
11 6
2 4
0 3
2 2
4 3
3 1
1 0
0 2
1 4
3 3
4 1
2 0
16 7
2 4
4 3
3 1
1 0
0 2
1 4
3 3
4 1
2 2
0 3
1 1
3 0
4 2
3 4
1 3
0 1
10 0
3 1
4 3
2 2
1 0
0 2
1 4
3 3
4 1
2 0
0 1
10 1
3 1
4 3
2 2
1 0
0 2
1 4
3 3
4 1
2 0
0 1
16 2
3 1
1 0
0 2
1 4
3 3
4 1
2 0
0 1
2 2
4 3
2 4
0 3
1 1
3 0
4 2
3 4
11 3
3 1
1 0
0 2
1 4
3 3
4 1
2 0
0 1
1 3
3 4
4 2
15 4
3 1
1 0
0 2
1 4
2 2
4 3
2 4
0 3
1 1
3 0
4 2
3 4
1 3
0 1
2 0
14 5
3 1
1 0
0 2
1 4
3 3
4 1
2 0
0 1
1 3
3 4
2 2
4 3
2 4
0 3
12 6
3 1
1 0
0 2
1 4
3 3
4 1
2 0
0 1
1 3
3 4
4 2
3 0
6 7
3 1
4 3
2 4
0 3
2 2
1 0
15 0
3 3
4 1
2 0
0 1
1 3
3 4
4 2
3 0
2 2
1 4
0 2
1 0
3 1
4 3
2 4
10 1
3 3
4 1
2 0
0 1
1 3
3 4
4 2
3 0
1 1
0 3
20 2
3 3
4 1
2 0
0 1
2 2
1 4
0 2
1 0
3 1
4 3
2 4
0 3
1 1
3 0
4 2
3 4
1 3
3 2
4 0
2 1
15 3
3 3
4 1
2 0
0 1
1 3
3 4
4 2
3 0
1 1
0 3
2 2
1 4
0 2
1 0
3 1
12 4
3 3
4 1
2 0
0 1
1 3
3 4
4 2
3 0
1 1
0 3
2 4
4 3
6 5
3 3
1 4
0 2
1 0
2 2
4 1
10 6
3 3
1 4
2 2
4 1
2 0
0 1
1 3
3 4
4 2
3 0
10 7
3 3
1 4
2 2
4 1
2 0
0 1
1 3
3 4
4 2
3 0
16 0
4 0
3 2
2 4
4 3
3 1
1 0
0 2
1 4
3 3
4 1
2 0
0 1
1 3
3 4
2 2
0 3
15 1
4 0
2 1
3 3
4 1
2 0
0 1
1 3
3 4
4 2
3 0
1 1
0 3
2 2
1 4
0 2
12 2
4 0
2 1
4 2
3 0
1 1
0 3
2 4
4 3
3 1
1 0
0 2
1 4
16 3
4 0
2 1
0 0
1 2
3 1
1 0
0 2
1 4
3 3
4 1
2 0
0 1
1 3
3 4
4 2
3 0
18 4
4 0
2 1
0 0
1 2
2 0
0 1
1 3
3 4
4 2
3 0
1 1
0 3
2 2
4 1
3 3
1 4
0 2
1 0
1 5
4 0
1 6
4 0
14 7
4 0
2 1
0 2
1 4
3 3
4 1
2 2
1 0
3 1
4 3
2 4
0 3
1 1
3 0
15 0
4 2
3 4
2 2
3 0
1 1
0 3
2 4
4 3
3 1
1 0
0 2
1 4
3 3
4 1
2 0
13 1
4 2
3 0
1 1
0 3
2 4
4 3
3 1
1 0
2 2
3 4
1 3
0 1
2 0
16 2
4 2
3 0
1 1
0 3
2 4
4 3
3 1
1 0
0 2
1 4
3 3
4 1
2 0
0 1
2 2
3 4
13 3
4 2
3 0
1 1
0 3
2 2
3 4
1 3
0 1
2 0
4 1
3 3
1 4
0 2
14 4
4 2
3 0
1 1
0 3
2 4
4 3
3 1
1 0
0 2
1 4
2 2
3 4
1 3
0 1
17 5
4 2
3 0
1 1
0 3
2 4
4 3
3 1
1 0
0 2
1 4
3 3
4 1
2 0
0 1
2 2
3 4
1 3
6 6
4 2
3 4
1 3
0 1
2 2
3 0
10 7
4 2
3 4
2 2
3 0
1 1
0 3
2 4
4 3
3 1
1 0
13 0
4 4
3 2
2 4
4 3
3 1
1 0
0 2
1 4
3 3
4 1
2 0
0 1
1 3
3 1
4 4
3 2
4 0
13 2
4 4
3 2
4 0
2 1
4 2
3 0
1 1
0 3
2 4
4 3
3 1
1 0
2 2
1 3
4 4
2 4
4 4
3 2
15 5
4 4
3 2
2 0
0 1
1 3
3 4
2 2
4 1
3 3
1 4
0 2
1 0
3 1
4 3
2 4
17 6
4 4
2 3
0 2
1 4
3 3
4 1
2 0
0 1
1 3
3 4
4 2
3 0
1 1
0 3
2 2
1 0
3 1
20 7
4 4
3 2
1 3
3 4
4 2
3 0
1 1
0 3
2 4
4 3
3 1
1 0
2 2
0 1
2 0
4 1
3 3
1 4
0 2
2 3
